0.000000 0.000000 0.000000 0.000000
0.007812 0.000000 0.000000 0.000000
0.015625 0.000000 0.000000 0.000000
0.023438 0.000000 0.000000 0.000000
0.031250 0.000000 0.000000 0.000000
0.039062 0.000000 0.000000 0.000000
0.046875 0.000000 0.000000 0.000000
0.054688 0.000000 0.000000 0.000000
0.062500 0.000000 0.000000 0.000000
0.070312 0.000000 0.000000 0.000000
0.078125 0.000100 0.000000 0.000000
0.085938 0.000100 0.000000 0.000000
0.093750 0.000000 0.000000 0.000000
0.101562 0.000600 0.000100 0.000000
0.109375 0.001000 0.000100 0.000000
0.117188 0.001900 0.000000 0.000000
0.125000 0.002300 0.000000 0.000000
0.132812 0.002400 0.000400 0.000000
0.140625 0.004200 0.000400 0.000000
0.148438 0.005700 0.001100 0.000100
0.156250 0.007500 0.000500 0.000100
0.164062 0.010700 0.001700 0.000000
0.171875 0.014600 0.003000 0.000100
0.179688 0.017800 0.004400 0.000300
0.187500 0.024700 0.005200 0.000300
0.195312 0.026200 0.007500 0.000900
0.203125 0.038400 0.010900 0.001100
0.210938 0.044500 0.016500 0.003000
0.218750 0.052900 0.018400 0.004100
0.226562 0.067900 0.027800 0.006900
0.234375 0.077600 0.038200 0.011200
0.242188 0.095100 0.046700 0.016600
0.250000 0.117800 0.067100 0.022900
0.257812 0.131300 0.082500 0.038400
0.265625 0.155700 0.095100 0.058800
0.273438 0.178900 0.124800 0.079600
0.281250 0.201600 0.163800 0.098800
0.289062 0.226700 0.195700 0.149800
0.296875 0.261300 0.226500 0.202500
0.304688 0.287400 0.269100 0.255100
0.312500 0.319000 0.310400 0.314300
0.320312 0.359500 0.364500 0.378200
0.328125 0.401100 0.409500 0.455400
0.335938 0.440200 0.486200 0.542600
0.343750 0.468000 0.525200 0.615600
0.351562 0.507600 0.575700 0.695400
0.359375 0.541400 0.629500 0.765900
0.367188 0.583500 0.688900 0.819100
0.375000 0.621500 0.724400 0.868800
0.382812 0.657400 0.777200 0.911800
0.390625 0.691800 0.808800 0.938100
0.398438 0.720600 0.846100 0.958800
0.406250 0.752200 0.867700 0.974900
0.414062 0.777200 0.904500 0.983500
0.421875 0.813700 0.924900 0.989900
0.429688 0.828300 0.943300 0.995300
0.437500 0.857100 0.955500 0.997000
0.445312 0.877400 0.967800 0.999300
0.453125 0.891900 0.980000 0.999200
0.460938 0.911800 0.983500 0.999600
0.468750 0.921100 0.988100 1.000000
0.476562 0.940600 0.991800 1.000000
0.484375 0.947900 0.995000 1.000000
0.492188 0.959400 0.997400 1.000000
0.500000 0.967100 0.997300 1.000000
0.507812 0.973800 0.997700 1.000000
0.515625 0.980500 0.999100 1.000000
0.523438 0.982600 0.999600 1.000000
0.531250 0.987500 0.999600 1.000000
0.539062 0.989200 0.999800 1.000000
0.546875 0.993200 0.999900 1.000000
0.554688 0.993700 1.000000 1.000000
0.562500 0.996300 1.000000 1.000000
0.570312 0.996200 1.000000 1.000000
0.578125 0.997500 1.000000 1.000000
0.585938 0.998800 1.000000 1.000000
0.593750 0.998300 1.000000 1.000000
0.601562 0.999100 1.000000 1.000000
0.609375 0.999700 1.000000 1.000000
0.617188 0.999700 1.000000 1.000000
0.625000 0.999500 1.000000 1.000000
0.632812 1.000000 1.000000 1.000000
0.640625 0.999600 1.000000 1.000000
0.648438 0.999800 1.000000 1.000000
0.656250 0.999900 1.000000 1.000000
0.664062 1.000000 1.000000 1.000000
0.671875 1.000000 1.000000 1.000000
0.679688 1.000000 1.000000 1.000000
0.687500 1.000000 1.000000 1.000000
0.695312 1.000000 1.000000 1.000000
0.703125 1.000000 1.000000 1.000000
0.710938 1.000000 1.000000 1.000000
0.718750 1.000000 1.000000 1.000000
0.726562 1.000000 1.000000 1.000000
0.734375 1.000000 1.000000 1.000000
0.742188 1.000000 1.000000 1.000000
0.750000 1.000000 1.000000 1.000000
0.757812 1.000000 1.000000 1.000000
0.765625 1.000000 1.000000 1.000000
0.773438 1.000000 1.000000 1.000000
0.781250 1.000000 1.000000 1.000000
0.789062 1.000000 1.000000 1.000000
0.796875 1.000000 1.000000 1.000000
0.804688 1.000000 1.000000 1.000000
0.812500 1.000000 1.000000 1.000000
0.820312 1.000000 1.000000 1.000000
0.828125 1.000000 1.000000 1.000000
0.835938 1.000000 1.000000 1.000000
0.843750 1.000000 1.000000 1.000000
0.851562 1.000000 1.000000 1.000000
0.859375 1.000000 1.000000 1.000000
0.867188 1.000000 1.000000 1.000000
0.875000 1.000000 1.000000 1.000000
0.882812 1.000000 1.000000 1.000000
0.890625 1.000000 1.000000 1.000000
0.898438 1.000000 1.000000 1.000000
0.906250 1.000000 1.000000 1.000000
0.914062 1.000000 1.000000 1.000000
0.921875 1.000000 1.000000 1.000000
0.929688 1.000000 1.000000 1.000000
0.937500 1.000000 1.000000 1.000000
0.945312 1.000000 1.000000 1.000000
0.953125 1.000000 1.000000 1.000000
0.960938 1.000000 1.000000 1.000000
0.968750 1.000000 1.000000 1.000000
0.976562 1.000000 1.000000 1.000000
0.984375 1.000000 1.000000 1.000000
0.992188 1.000000 1.000000 1.000000
1.000000 1.000000 1.000000 1.000000
