0.000000 0.000000 0.000000 0.000000
0.007812 0.000000 0.000000 0.000000
0.015625 0.000000 0.000000 0.000000
0.023438 0.000000 0.000000 0.000000
0.031250 0.000000 0.000000 0.000000
0.039062 0.000000 0.000000 0.000000
0.046875 0.000000 0.000000 0.000000
0.054688 0.000000 0.000000 0.000000
0.062500 0.000000 0.000000 0.000000
0.070312 0.000000 0.000000 0.000000
0.078125 0.000000 0.000000 0.000000
0.085938 0.000000 0.000000 0.000000
0.093750 0.000000 0.000000 0.000000
0.101562 0.000000 0.000000 0.000000
0.109375 0.000000 0.000000 0.000000
0.117188 0.000000 0.000000 0.000000
0.125000 0.000000 0.000000 0.000000
0.132812 0.000000 0.000000 0.000000
0.140625 0.000000 0.000000 0.000000
0.148438 0.000000 0.000000 0.000000
0.156250 0.000000 0.000000 0.000000
0.164062 0.000000 0.000000 0.000000
0.171875 0.000000 0.000000 0.000000
0.179688 0.000000 0.000000 0.000000
0.187500 0.000000 0.000000 0.000000
0.195312 0.000000 0.000000 0.000000
0.203125 0.000000 0.000000 0.000000
0.210938 0.000000 0.000000 0.000000
0.218750 0.000000 0.000000 0.000000
0.226562 0.000000 0.000000 0.000000
0.234375 0.000000 0.000000 0.000000
0.242188 0.000100 0.000000 0.000000
0.250000 0.000100 0.000000 0.000000
0.257812 0.000400 0.000000 0.000000
0.265625 0.000300 0.000000 0.000000
0.273438 0.000400 0.000000 0.000000
0.281250 0.000500 0.000000 0.000000
0.289062 0.000700 0.000000 0.000000
0.296875 0.000700 0.000000 0.000000
0.304688 0.001400 0.000000 0.000000
0.312500 0.001600 0.000000 0.000000
0.320312 0.001400 0.000100 0.000000
0.328125 0.002700 0.000000 0.000000
0.335938 0.004300 0.000100 0.000000
0.343750 0.003600 0.000000 0.000000
0.351562 0.004600 0.000400 0.000000
0.359375 0.007000 0.000600 0.000000
0.367188 0.008400 0.001300 0.000100
0.375000 0.010100 0.000300 0.000100
0.382812 0.013300 0.001400 0.000200
0.390625 0.016800 0.002400 0.000100
0.398438 0.020100 0.003500 0.000500
0.406250 0.023400 0.003300 0.001000
0.414062 0.026700 0.007300 0.001000
0.421875 0.034900 0.009200 0.001900
0.429688 0.042000 0.011200 0.002800
0.437500 0.050200 0.012800 0.004200
0.445312 0.062500 0.019900 0.004200
0.453125 0.068100 0.024800 0.009300
0.460938 0.085100 0.030600 0.011500
0.468750 0.099600 0.040000 0.014800
0.476562 0.109800 0.048100 0.018400
0.484375 0.127200 0.064000 0.028000
0.492188 0.146600 0.077800 0.039200
0.500000 0.167700 0.092200 0.053800
0.507812 0.197600 0.116700 0.070100
0.515625 0.224900 0.138500 0.086500
0.523438 0.239400 0.161100 0.110800
0.531250 0.258300 0.198700 0.138100
0.539062 0.294600 0.218100 0.164700
0.546875 0.325400 0.256600 0.213300
0.554688 0.358100 0.304300 0.253900
0.562500 0.403500 0.341500 0.301800
0.570312 0.435500 0.382900 0.348500
0.578125 0.466600 0.430400 0.413500
0.585938 0.489000 0.468100 0.464500
0.593750 0.527600 0.518400 0.523900
0.601562 0.558600 0.574800 0.578200
0.609375 0.601400 0.619000 0.633900
0.617188 0.636900 0.661600 0.688300
0.625000 0.668500 0.707700 0.739900
0.632812 0.711200 0.747400 0.793500
0.640625 0.735800 0.781500 0.833800
0.648438 0.765300 0.817600 0.862400
0.656250 0.793300 0.849000 0.894100
0.664062 0.823200 0.873100 0.919800
0.671875 0.836500 0.895200 0.934200
0.679688 0.856500 0.923000 0.949400
0.687500 0.882400 0.933100 0.966900
0.695312 0.897600 0.950100 0.975400
0.703125 0.910400 0.962800 0.984100
0.710938 0.929000 0.971800 0.989500
0.718750 0.944900 0.979300 0.993000
0.726562 0.953000 0.982700 0.994800
0.734375 0.957900 0.987400 0.997300
0.742188 0.968400 0.991800 0.997700
0.750000 0.973500 0.994200 0.998800
0.757812 0.981500 0.995900 0.998900
0.765625 0.984300 0.997300 0.999800
0.773438 0.986100 0.997600 0.999700
0.781250 0.991100 0.999200 0.999900
0.789062 0.994500 0.999700 1.000000
0.796875 0.995300 0.999800 1.000000
0.804688 0.995600 0.999800 1.000000
0.812500 0.998300 0.999900 0.999900
0.820312 0.997900 0.999800 1.000000
0.828125 0.999000 0.999900 1.000000
0.835938 0.999400 0.999900 1.000000
0.843750 0.999500 0.999900 1.000000
0.851562 0.999700 1.000000 1.000000
0.859375 1.000000 0.999800 1.000000
0.867188 0.999900 1.000000 1.000000
0.875000 1.000000 1.000000 1.000000
0.882812 1.000000 1.000000 1.000000
0.890625 1.000000 1.000000 1.000000
0.898438 1.000000 1.000000 1.000000
0.906250 1.000000 1.000000 1.000000
0.914062 1.000000 1.000000 1.000000
0.921875 1.000000 1.000000 1.000000
0.929688 1.000000 1.000000 1.000000
0.937500 1.000000 1.000000 1.000000
0.945312 1.000000 1.000000 1.000000
0.953125 1.000000 1.000000 1.000000
0.960938 1.000000 1.000000 1.000000
0.968750 1.000000 1.000000 1.000000
0.976562 1.000000 1.000000 1.000000
0.984375 1.000000 1.000000 1.000000
0.992188 1.000000 1.000000 1.000000
1.000000 1.000000 1.000000 1.000000
